[(184, 455), (88, 202), (142, 209), (200, 353), (245, 211), (283, 207)]
[(152, 416), (137, 245), (69, 246), (72, 211), (249, 212), (248, 258), (189, 253), (174, 412)]
[(97, 331), (96, 144), (136, 144), (184, 219), (197, 139), (237, 145), (233, 330), (174, 328), (132, 225), (138, 324)]
[(322, 494), (532, 67), (794, 509), (673, 508), (593, 388), (477, 383), (440, 491)]
[(373, 119), (788, 160), (822, 378), (381, 377)]
[(382, 411), (605, 92), (798, 430)]
[(463, 452), (422, 117), (627, 189), (581, 311), (669, 386)]
[(371, 444), (496, 138), (654, 465)]
[(357, 393), (491, 149), (677, 380)]
[(314, 391), (473, 128), (633, 409)]
[(386, 429), (541, 123), (541, 123), (707, 452)]
[(415, 444), (398, 117), (588, 226), (567, 294), (642, 383)]
[(415, 444), (398, 117), (588, 226), (567, 294), (642, 383), (453, 215), (465, 251), (500, 241)]
[(415, 444), (398, 117), (588, 226), (567, 294), (642, 383), (453, 215), (465, 251), (500, 241), (484, 340), (499, 393), (537, 370)]
[(382, 418), (556, 73), (725, 419)]
[(382, 418), (556, 73), (725, 419), (435, 437), (411, 97), (613, 152), (618, 234), (582, 265), (641, 351), (646, 414)]
[(382, 418), (556, 73), (725, 419), (435, 437), (411, 97), (613, 152), (618, 234), (582, 265), (641, 351), (646, 414), (476, 173), (487, 219), (530, 210)]
[(382, 418), (556, 73), (725, 419), (435, 437), (411, 97), (613, 152), (618, 234), (582, 265), (641, 351), (646, 414), (476, 173), (487, 219), (530, 210), (487, 327), (502, 375), (550, 369), (541, 334)]
[(359, 467), (570, 80), (753, 478), (599, 473), (562, 371), (525, 467)]
[(384, 411), (479, 104), (675, 416)]
